28
111
117
224
257
614
751
936
938
1003
1087
1097
1188
1275
1301
1393
1490
1518
1551
1568
1601
1727
1878
1899
1934
1978
2171
2263
2348
2470
2543
2619
2687
2723
2791
2841
2849
2879
3039
3079
3236
3243
3363
3533
3702
3751
3783
3824
3956
4017
4067
4114
4170
4204
4246
4412
4520
4580
4776
4903
4961
5021
5235
5310
5404
5406
5413
5519
5593
5904
6159
6309
6505
6523
6643
6655
6662
6884
7136
7156
7218
7224
7269
7546
7759
7829
8257
8527
8620
8710
8796
8869
9085
9093
9098
9179
9183
9239
9391
9563
9566
9579
9640
9650
9818
9908
9942
9997
10120
10179
10182
10186
10388
10480
10494
10656
10843
10892
11030
11081
11395
11595
11602
11698
11730
11763
11778
11931
12105
12238
12400
12442
12652
12771
12798
12912
12936
12949
12977
12981
13005
13123
13165
13247
13280
13365
13481
13500
13587
13711
13808
13891
14219
14399
14477
14547
14591
14894
15204
15333
15461
15502
15550
15563
15717
15776
15869
15877
15911
16017
16180
16369
16644
16748
16805
16835
16879
16945
17071
17453
17625
17816
17865
17982
18156
18279
18400
18454
18482
18516
18568
18588
18603
18786
18829
18948
18979
19183
19304
19419
19486
19487
19663
19797
20048
20196
20223
20315
20383
20496
20730
20770
20875
21016
21029
21197
21363
21430
21610
21788
21807
22093
22141
22202
22231
22410
22423
22604
22616
22679
22695
22773
23054
23059
23117
23130
23134
23385
23426
23847
23965
24012
24103
24111
24266
24331
24420
24719
24721
24733
24835
24991
25121
25476
25761
26055
26122
26219
26225
26303
26368
26372
26461
26473
26565
26566
26866
26887
26934
27150
27366
27545
27678
27708
27853
27996
28133
28176
28288
28294
28316
28417
28724
28953
28976
28985
29007
29078
29101
29167
29212
29237
29281
29353
29395
29579
29640
29702
29756
29972
30156
30199
30244
30309
30399
30534
30550
30604
30611
30811
30900
31082
31197
31288
31303
31540
31921
32077
32101
32116
32183
32251
32325
32348
32710
32787
32799
32806
33045
33168
33281
33329
33528
33771
33894
33896
33966
34304
34348
34359
34433
34454
34586
34606
34687
34716
34717
34819
35015
35443
35451
35565
35839
35927
35944
36144
36264
36305
36316
36407
36570
36748
36784
36876
36987
37002
37076
37078
37084
37094
37409
37429
37505
37531
37539
37631
37829
37898
38033
38103
38470
38562
38616
38657
38716
38849
38858
38948
38974
39086
39191
39303
39328
39346
39683
39778
39841
39860
40102
40188
40538
40591
41043
41050
41052
41170
41418
41519
41670
41672
41745
42036
42106
42108
42270
42305
42314
42397
42483
42495
42625
42785
43126
43131
43195
43215
43488
43595
43691
44056
44189
44201
44453
44615
44698
44921
44971
45088
45301
45424
45745
45806
45835
45968
45974
46136
46209
46225
46655
46711
46762
46962
46981
47073
47078
47211
47346
47360
47378
47423
47875
47920
48354
48427
48494
48534
48790
48873
49225
49338
49421
49454
49493
49563
49662
49887
50003
50121
50193
50244
50282
50314
50327
50395
50399
50413
50432
50448
50529
50612
50647
50914
51031
51222
51345
51550
51721
51871
51924
51976
52039
52272
52543
52622
52729
52733
52930
53194
53282
53409
53430
53442
53483
53694
53701
53879
53981
54175
54474
54651
54892
54967
55009
55060
55075
55103
55114
55324
55476
55529
55847
55990
56164
56208
56263
56617
56628
56681
56690
56838
56910
57022
57040
57244
57342
57530
57808
58415
58526
58716
58836
58941
59018
59250
59266
59318
59417
59544
59555
59886
60189
60198
60251
60396
60436
60597
60603
60621
60941
60999
61018
61202
61313
61345
61518
61524
61605
61670
61710
61750
61960
62073
62110
62150
62324
62370
62404
62656
62727
62789
62871
62898
62931
62959
63261
63518
63575
63628
63766
63803
63918
64127
64274
64541
64925
65057
65186
65221
65266
65302
65572
65580
65738
65955
66158
66265
66799
66913
66916
66990
67042
67338
67487
67592
67697
67803
67895
67911
67942
68022
68099
68153
68210
68230
68441
68498
68615
68616
68692
68779
68809
69048
69196
69362
69458
69502
69638
69769
70023
70087
70741
70767
70926
70949
71215
71258
71279
71346
71444
71476
71582
71866
71972
71987
72017
72071
72078
72096
72281
72395
72404
72430
72481
72517
72582
72616
72882
72896
73125
73211
73342
73488
73819
73996
74049
74111
74197
74248
74268
74344
74429
74458
74553
74588
74673
74920
74938
75054
75131
75291
75320
75366
75608
75695
75736
75833
75840
75928
75972
76044
76054
76078
76102
76197
76244
76288
76399
76436
76444
76461
76593
76714
76849
76886
76944
77156
77316
77331
77517
77557
77572
77586
77594
77657
77760
77776
77983
78011
78026
78124
78179
78201
78334
78408
78414
78422
78460
78466
78734
78987
79182
79237
79364
79381
79469
79530
79551
79595
79659
79919
79937
80034
80105
80190
80672
80762
80783
80865
80909
80972
80994
81007
81077
81084
81130
81311
81332
81404
81406
81460
81617
81686
81698
81740
81757
81897
82020
82027
82306
82394
82541
82713
82728
83130
83183
83213
83359
83379
83450
83511
83765
83940
84182
84329
84380
84585
84617
84688
84758
84861
84913
84960
85016
85115
85148
85163
85251
85386
85717
85811
86077
86179
86196
86217
86304
86437
86517
86636
86640
86944
86990
87077
87154
87402
87557
87691
87705
87863
87977
87983
88144
88207
88356
88390
88615
88709
88777
88910
88914
88928
89011
89193
89348
89568
89638
89858
89865
89886
89909
89912
89962
90093
90196
90423
90479
90504
90581
90587
90614
90782
90783
91136
91299
91472
91486
91610
91629
91646
91696
91698
91982
92055
92198
92383
92418
92523
92560
92595
92598
92652
92708
92781
93020
93298
93339
93573
93574
93629
93637
93655
93678
93744
93749
94038
94071
94266
94295
94464
94678
95255
95497
95520
95703
95905
96097
96098
96259
96334
96364
96513
96528
96634
96799
96804
96931
97195
97343
97446
97747
97772
98035
98153
98179
98211
98362
98371
98607
98793
98864
98915
98958
99023
99051
99059
99143
99217
99236
99242
99243
99290
99302
99367
99519
99540
99762
99776
99809
99949
